150 PA5-K-Unknown-Answer.txt 6
  108.2740 -193.0934   16.0209  106.1530   90.5809   37.8426
  -12.68    18.54    16.40       -12.68    18.54    16.40     0.000
   21.04    -6.38    27.07        21.04    -6.38    27.07     0.000
  -12.63    15.67     8.70       -12.63    15.67     8.70     0.000
   31.69    -5.02    15.43        31.69    -5.02    15.43     0.000
   21.97    11.44    55.84        21.97    11.44    55.84     0.000
  -20.50    11.62   -24.62       -20.50    11.62   -24.62     0.000
    2.70     0.46   -26.25         2.70     0.46   -26.25     0.000
   23.12     5.01    52.82        23.12     5.01    52.82     0.000
   -2.96   -13.42   -37.07        -2.96   -13.42   -37.07     0.000
   39.26     1.41   -22.24        39.26     1.41   -22.24     0.000
   26.69    24.82    -9.71        26.69    24.82    -9.71     0.000
  -21.00   -30.35   -24.65       -21.00   -30.35   -24.65     0.000
  -27.93   -19.50    -3.34       -27.93   -19.50    -3.34     0.000
   -6.53     1.21    65.20        -6.53     1.21    65.20     0.000
  -25.78    -8.75   -41.41       -25.78    -8.75   -41.41     0.000
   36.33    20.98    -7.49        36.33    20.98    -7.49     0.000
    2.74    21.17    13.24         2.74    21.17    13.24     0.000
  -25.42     6.53   -33.88       -25.42     6.53   -33.88     0.000
    0.14    -1.66   -27.73         0.14    -1.66   -27.73     0.000
   -2.76   -13.26   -36.72        -2.76   -13.26   -36.72     0.000
   -9.07    -6.32    34.75        -9.07    -6.32    34.75     0.000
  -11.51    -8.84   -41.27       -11.51    -8.84   -41.27     0.000
   -3.64     8.58   -20.06        -3.64     8.58   -20.06     0.000
   21.17   -11.45   -20.85        21.17   -11.45   -20.85     0.000
   13.06    17.79    66.22        13.06    17.79    66.22     0.000
   -0.63   -11.15    11.02        -0.63   -11.15    11.02     0.000
   10.56   -11.70   -23.30        10.56   -11.70   -23.30     0.000
   27.95    11.63    28.57        27.95    11.63    28.57     0.000
  -40.68   -14.61   -15.18       -40.68   -14.61   -15.18     0.000
   -6.21    11.27    65.07        -6.21    11.27    65.07     0.000
  -28.55     0.11    -9.16       -28.55     0.11    -9.16     0.000
   -4.26   -17.47   -34.64        -4.26   -17.47   -34.64     0.000
   -8.35     8.44   -18.97        -8.35     8.44   -18.97     0.000
   30.24    24.15   -16.23        30.24    24.15   -16.23     0.000
  -28.44   -26.41   -31.75       -28.44   -26.41   -31.75     0.000
   37.95     9.63    14.15        37.95     9.63    14.15     0.000
    7.89    19.91    64.03         7.89    19.91    64.03     0.000
   31.93   -12.00   -12.70        31.93   -12.00   -12.70     0.000
  -21.98    -6.70    -1.17       -21.98    -6.70    -1.17     0.000
  -28.72    -0.29   -37.96       -28.72    -0.29   -37.96     0.000
   -6.51   -22.56   -16.61        -6.51   -22.56   -16.61     0.000
  -19.93    -5.14     2.67       -19.93    -5.14     2.67     0.000
   -1.89   -15.19   -34.94        -1.89   -15.19   -34.94     0.000
   45.72     0.96    -5.45        45.72     0.96    -5.45     0.000
  -40.90   -15.24   -16.44       -40.90   -15.24   -16.44     0.000
   24.07     8.95    48.38        24.07     8.95    48.38     0.000
  -14.21    11.43    35.49       -14.21    11.43    35.49     0.000
   37.66    -8.97   -19.87        37.66    -8.97   -19.87     0.000
  -39.93    -0.40   -15.77       -39.93    -0.40   -15.77     0.000
   32.57     9.32    20.77        32.57     9.32    20.77     0.000
  -21.26   -10.89    -0.91       -21.26   -10.89    -0.91     0.000
    6.60   -10.27   -26.90         6.60   -10.27   -26.90     0.000
   31.52    23.50    -1.73        31.52    23.50    -1.73     0.000
   -1.72    -7.44    59.75        -1.72    -7.44    59.75     0.000
    0.26    -6.82   -35.88         0.26    -6.82   -35.88     0.000
  -26.41   -16.89   -40.96       -26.41   -16.89   -40.96     0.000
   36.71    -9.56     4.98        36.71    -9.56     4.98     0.000
   27.26    18.66    15.25        27.26    18.66    15.25     0.000
   -6.70   -24.44   -29.45        -6.70   -24.44   -29.45     0.000
  -38.84   -18.12   -13.05       -38.84   -18.12   -13.05     0.000
    8.14    -3.79    66.71         8.14    -3.79    66.71     0.000
   -6.98    12.55    -3.76        -6.98    12.55    -3.76     0.000
   20.11    12.91   -34.39        20.11    12.91   -34.39     0.000
    0.78    -7.97    65.00         0.78    -7.97    65.00     0.000
   -5.77     6.89   -27.90        -5.77     6.89   -27.90     0.000
  -17.97     4.23     2.13       -17.97     4.23     2.13     0.000
   11.67    10.16    65.83        11.67    10.16    65.83     0.000
    4.79   -13.00   -27.64         4.79   -13.00   -27.64     0.000
   46.24     9.68     5.85        46.24     9.68     5.85     0.000
   18.78    11.10   -28.97        18.78    11.10   -28.97     0.000
  -23.74    10.96   -20.11       -23.74    10.96   -20.11     0.000
   14.76    19.49   -25.14        14.76    19.49   -25.14     0.000
  -17.57   -10.41   -41.95       -17.57   -10.41   -41.95     0.000
  -20.21    17.38    16.55       -20.21    17.38    16.55     0.000
   17.70   -11.14     8.20        17.70   -11.14     8.20     0.000
   14.37    17.68    63.30        14.37    17.68    63.30     0.000
   -8.77    16.97    36.44        -8.77    16.97    36.44     0.000
  -25.53   -23.08    -6.70       -25.53   -23.08    -6.70     0.000
   -4.48   -16.44   -35.06        -4.48   -16.44   -35.06     0.000
   -1.74    -7.99    37.35        -1.74    -7.99    37.35     0.000
  -42.32    -3.08   -21.15       -42.32    -3.08   -21.15     0.000
   -3.08   -13.02   -37.39        -3.08   -13.02   -37.39     0.000
    0.97    17.36    -7.14         0.97    17.36    -7.14     0.000
   36.51    -9.34    -2.52        36.51    -9.34    -2.52     0.000
   42.74    15.68    12.20        42.74    15.68    12.20     0.000
   26.73   -14.91    -4.49        26.73   -14.91    -4.49     0.000
   16.89    18.02    38.71        16.89    18.02    38.71     0.000
  -18.98   -28.82   -29.27       -18.98   -28.82   -29.27     0.000
   45.64    10.48     7.39        45.64    10.48     7.39     0.000
   36.52    17.98     9.53        36.52    17.98     9.53     0.000
  -14.47     5.53    36.85       -14.47     5.53    36.85     0.000
   11.42    20.48    35.34        11.42    20.48    35.34     0.000
  -17.69     9.52     8.56       -17.69     9.52     8.56     0.000
   -4.63    19.85    27.18        -4.63    19.85    27.18     0.000
   37.45    -5.14   -27.12        37.45    -5.14   -27.12     0.000
   -9.71    -3.60    54.17        -9.71    -3.60    54.17     0.000
   -0.23    -3.76   -34.46        -0.23    -3.76   -34.46     0.000
   23.58    -2.82    38.83        23.58    -2.82    38.83     0.000
   -9.38    -2.78   -39.16        -9.38    -2.78   -39.16     0.000
   22.01    21.91   -35.45        22.01    21.91   -35.45     0.000
   -5.03    19.50    29.06        -5.03    19.50    29.06     0.000
  -40.55   -11.47   -31.85       -40.55   -11.47   -31.85     0.000
   -0.69   -14.11   -35.49        -0.69   -14.11   -35.49     0.000
  -14.43     9.97    36.81       -14.43     9.97    36.81     0.000
   41.54    15.38    14.60        41.54    15.38    14.60     0.000
   15.82    -7.83    17.76        15.82    -7.83    17.76     0.000
   35.76    -9.77    -2.18        35.76    -9.77    -2.18     0.000
   17.38    19.59   -36.04        17.38    19.59   -36.04     0.000
   36.77    16.16    10.10        36.77    16.16    10.10     0.000
   20.42    14.03    58.10        20.42    14.03    58.10     0.000
   -7.33   -23.58   -30.75        -7.33   -23.58   -30.75     0.000
  -22.17   -30.65   -22.95       -22.17   -30.65   -22.95     0.000
   -5.32    15.07     0.17        -5.32    15.07     0.17     0.000
  -11.57     5.98   -33.62       -11.57     5.98   -33.62     0.000
   -0.01   -11.21    17.32        -0.01   -11.21    17.32     0.000
   19.10    15.98   -37.13        19.10    15.98   -37.13     0.000
   -2.04    -7.99    37.58        -2.04    -7.99    37.58     0.000
   30.10    20.65   -29.59        30.10    20.65   -29.59     0.000
    2.65    -6.33    65.80         2.65    -6.33    65.80     0.000
   27.56   -16.62   -13.98        27.56   -16.62   -13.98     0.000
   38.86    -7.84     7.49        38.86    -7.84     7.49     0.000
   -0.47    -3.51   -34.66        -0.47    -3.51   -34.66     0.000
  -18.59     9.77   -14.48       -18.59     9.77   -14.48     0.000
   -7.07    -9.43    25.20        -7.07    -9.43    25.20     0.000
  -20.92   -30.37   -20.34       -20.92   -30.37   -20.34     0.000
    0.87     0.64   -26.45         0.87     0.64   -26.45     0.000
   26.36   -13.13   -23.41        26.36   -13.13   -23.41     0.000
   35.38     0.54    19.58        35.38     0.54    19.58     0.000
   18.28    21.94    17.50        18.28    21.94    17.50     0.000
  -31.71    -5.52    -3.36       -31.71    -5.52    -3.36     0.000
   10.35    -7.99    18.41        10.35    -7.99    18.41     0.000
   -8.32     6.26   -33.16        -8.32     6.26   -33.16     0.000
    0.54   -10.07   -36.32         0.54   -10.07   -36.32     0.000
  -20.95     9.82   -30.23       -20.95     9.82   -30.23     0.000
  -40.20   -11.08   -26.99       -40.20   -11.08   -26.99     0.000
   -9.44   -26.83   -24.87        -9.44   -26.83   -24.87     0.000
   -5.76   -15.67    -4.78        -5.76   -15.67    -4.78     0.000
   26.66    18.15    16.99        26.66    18.15    16.99     0.000
   -7.46    19.98    16.73        -7.46    19.98    16.73     0.000
    5.33    -8.03    32.16         5.33    -8.03    32.16     0.000
   -7.08    20.10    22.86        -7.08    20.10    22.86     0.000
   19.09   -12.87   -19.47        19.09   -12.87   -19.47     0.000
   16.34     4.73    66.50        16.34     4.73    66.50     0.000
   -7.54    12.69    -2.04        -7.54    12.69    -2.04     0.000
    5.47    -3.90   -26.03         5.47    -3.90   -26.03     0.000
  -12.34     8.60   -30.16       -12.34     8.60   -30.16     0.000
  -42.22    -2.82   -24.06       -42.22    -2.82   -24.06     0.000
   -3.12    15.27    -3.84        -3.12    15.27    -3.84     0.000
  -11.87   -10.18   -41.40       -11.87   -10.18   -41.40     0.000
  -15.05     9.89   -20.70       -15.05     9.89   -20.70     0.000
