150 PA5-G-Unknown-Answer.txt 6
  -83.2812  173.0828  -48.6382 -162.8521  -87.8314   24.7060
   17.13    19.56   -25.33        17.13    19.56   -25.33     0.000
   -5.17    20.89    39.79        -5.17    20.89    39.79     0.000
   -0.44   -25.51   -28.36        -0.44   -25.51   -28.36     0.000
    6.22    19.83    55.02         6.22    19.83    55.02     0.000
   -1.25     9.54    -1.95        -1.25     9.54    -1.95     0.000
  -27.36   -24.58   -50.17       -27.36   -24.58   -50.17     0.000
    5.98    15.40     2.77         5.98    15.40     2.77     0.000
    7.18    -9.84    13.61         7.18    -9.84    13.61     0.000
   16.58    27.73    -3.67        16.58    27.73    -3.67     0.000
  -43.61   -10.18   -36.58       -43.61   -10.18   -36.58     0.000
    9.20    -0.12   -23.18         9.20    -0.12   -23.18     0.000
  -21.54   -14.42   -54.33       -21.54   -14.42   -54.33     0.000
  -16.52   -20.52    -9.60       -16.52   -20.52    -9.60     0.000
    9.18     5.75    61.39         9.18     5.75    61.39     0.000
   33.04    -0.20     1.14        33.04    -0.20     1.14     0.000
  -42.95    -5.86   -19.59       -42.95    -5.86   -19.59     0.000
   10.73    23.74   -23.08        10.73    23.74   -23.08     0.000
   20.71     5.46    27.94        20.71     5.46    27.94     0.000
  -35.83     3.13   -21.69       -35.83     3.13   -21.69     0.000
  -16.80   -24.72   -50.75       -16.80   -24.72   -50.75     0.000
   20.67    18.86   -22.58        20.67    18.86   -22.58     0.000
   23.82    -7.16     7.36        23.82    -7.16     7.36     0.000
  -45.10   -16.04   -31.50       -45.10   -16.04   -31.50     0.000
   -0.26   -18.48    -6.98        -0.26   -18.48    -6.98     0.000
  -42.14   -23.99   -37.05       -42.14   -23.99   -37.05     0.000
   14.98    21.96    40.43        14.98    21.96    40.43     0.000
   22.00    22.87    14.24        22.00    22.87    14.24     0.000
   21.05     0.71    19.47        21.05     0.71    19.47     0.000
    2.79   -10.07    16.44         2.79   -10.07    16.44     0.000
    5.53    -2.69    62.40         5.53    -2.69    62.40     0.000
  -25.14   -29.11   -45.76       -25.14   -29.11   -45.76     0.000
  -20.42     5.27   -16.35       -20.42     5.27   -16.35     0.000
   -7.43   -28.87   -39.01        -7.43   -28.87   -39.01     0.000
   25.75    19.27     7.08        25.75    19.27     7.08     0.000
   13.56    27.13    29.36        13.56    27.13    29.36     0.000
    0.08   -17.38    -5.44         0.08   -17.38    -5.44     0.000
   11.17    24.63     1.74        11.17    24.63     1.74     0.000
   12.68    14.52    -4.94        12.68    14.52    -4.94     0.000
    2.62    16.95    55.66         2.62    16.95    55.66     0.000
  -40.26   -14.76   -41.63       -40.26   -14.76   -41.63     0.000
    1.55    10.00    47.09         1.55    10.00    47.09     0.000
    3.65   -14.64     1.58         3.65   -14.64     1.58     0.000
   22.56    11.80    26.41        22.56    11.80    26.41     0.000
  -25.07    10.65   -36.95       -25.07    10.65   -36.95     0.000
  -37.78     3.62   -32.07       -37.78     3.62   -32.07     0.000
   -5.64    20.66    35.38        -5.64    20.66    35.38     0.000
    2.27    26.18    18.88         2.27    26.18    18.88     0.000
   32.45    -0.27    -5.52        32.45    -0.27    -5.52     0.000
    9.18    27.15    11.81         9.18    27.15    11.81     0.000
   10.40    19.85    59.75        10.40    19.85    59.75     0.000
    4.33    20.57    52.58         4.33    20.57    52.58     0.000
   -7.25     8.13   -30.90        -7.25     8.13   -30.90     0.000
   15.02   -11.29   -18.75        15.02   -11.29   -18.75     0.000
   14.16    22.11    40.86        14.16    22.11    40.86     0.000
   14.74    27.77    22.80        14.74    27.77    22.80     0.000
   -0.04    -2.99    39.77        -0.04    -2.99    39.77     0.000
   15.61     6.43    60.68        15.61     6.43    60.68     0.000
   19.29    19.24   -23.45        19.29    19.24   -23.45     0.000
  -27.92    -8.83   -52.43       -27.92    -8.83   -52.43     0.000
  -17.70   -35.39   -35.73       -17.70   -35.39   -35.73     0.000
   -1.32    -9.38    16.64        -1.32    -9.38    16.64     0.000
   -0.43    -6.79   -26.44        -0.43    -6.79   -26.44     0.000
   20.18    17.12    42.30        20.18    17.12    42.30     0.000
    5.84    26.24    40.52         5.84    26.24    40.52     0.000
   29.05     1.39   -21.36        29.05     1.39   -21.36     0.000
  -40.23   -11.63   -41.71       -40.23   -11.63   -41.71     0.000
   14.79    -6.94   -24.41        14.79    -6.94   -24.41     0.000
  -22.59     7.57   -44.03       -22.59     7.57   -44.03     0.000
   -1.29    -1.03   -27.39        -1.29    -1.03   -27.39     0.000
   -5.64   -10.71   -43.20        -5.64   -10.71   -43.20     0.000
   25.20    15.62    18.46        25.20    15.62    18.46     0.000
   10.16    22.75     5.32        10.16    22.75     5.32     0.000
    0.69   -22.64   -30.37         0.69   -22.64   -30.37     0.000
   -5.38    26.85    33.51        -5.38    26.85    33.51     0.000
  -45.18   -10.13   -25.73       -45.18   -10.13   -25.73     0.000
    2.88    20.94    17.08         2.88    20.94    17.08     0.000
  -16.56     5.10   -47.06       -16.56     5.10   -47.06     0.000
  -30.62   -30.85   -18.67       -30.62   -30.85   -18.67     0.000
   -4.76    -8.48   -34.18        -4.76    -8.48   -34.18     0.000
   -0.02    -9.49    15.23        -0.02    -9.49    15.23     0.000
   25.38     5.49   -30.33        25.38     5.49   -30.33     0.000
  -25.50     4.04   -46.63       -25.50     4.04   -46.63     0.000
    4.36    30.01    27.01         4.36    30.01    27.01     0.000
   -1.05   -17.18    -5.07        -1.05   -17.18    -5.07     0.000
  -41.33   -20.27   -41.41       -41.33   -20.27   -41.41     0.000
   16.59    21.03    53.31        16.59    21.03    53.31     0.000
   27.13     7.95   -28.08        27.13     7.95   -28.08     0.000
    8.83    -5.38    47.74         8.83    -5.38    47.74     0.000
   17.16   -12.20    -4.25        17.16   -12.20    -4.25     0.000
   16.80    12.88   -26.87        16.80    12.88   -26.87     0.000
    8.20    21.22    52.53         8.20    21.22    52.53     0.000
  -31.18   -12.11   -51.95       -31.18   -12.11   -51.95     0.000
  -26.04   -27.40   -47.84       -26.04   -27.40   -47.84     0.000
  -31.93   -11.27   -51.32       -31.93   -11.27   -51.32     0.000
   27.29    -0.07   -24.41        27.29    -0.07   -24.41     0.000
   29.99    14.44    -4.56        29.99    14.44    -4.56     0.000
  -31.77     5.22   -40.81       -31.77     5.22   -40.81     0.000
   -0.94    -3.90    58.17        -0.94    -3.90    58.17     0.000
    3.46     4.96    62.22         3.46     4.96    62.22     0.000
  -35.40   -24.32   -41.78       -35.40   -24.32   -41.78     0.000
    2.90     4.85   -18.39         2.90     4.85   -18.39     0.000
   11.31    24.00   -24.99        11.31    24.00   -24.99     0.000
   -3.05     1.93   -26.36        -3.05     1.93   -26.36     0.000
  -38.01   -13.75   -45.93       -38.01   -13.75   -45.93     0.000
    4.12   -12.89   -19.60         4.12   -12.89   -19.60     0.000
    9.18    -5.15    35.57         9.18    -5.15    35.57     0.000
    0.52   -17.53   -18.28         0.52   -17.53   -18.28     0.000
    9.42    27.39     9.61         9.42    27.39     9.61     0.000
   -1.08    23.03    23.34        -1.08    23.03    23.34     0.000
   -3.53   -15.91   -28.95        -3.53   -15.91   -28.95     0.000
    8.27     5.13   -16.28         8.27     5.13   -16.28     0.000
   27.35    -4.94    -2.20        27.35    -4.94    -2.20     0.000
   -9.91    -7.59     2.78        -9.91    -7.59     2.78     0.000
    5.70    -6.91    49.78         5.70    -6.91    49.78     0.000
  -34.06   -32.48   -31.52       -34.06   -32.48   -31.52     0.000
   26.34    -1.92    11.27        26.34    -1.92    11.27     0.000
    4.71   -15.75     0.16         4.71   -15.75     0.16     0.000
   -2.21   -22.06   -37.52        -2.21   -22.06   -37.52     0.000
  -16.19     1.17   -49.77       -16.19     1.17   -49.77     0.000
  -34.93     5.11   -36.14       -34.93     5.11   -36.14     0.000
  -15.77    -1.70    -3.76       -15.77    -1.70    -3.76     0.000
    0.59   -10.96    10.45         0.59   -10.96    10.45     0.000
   12.20     4.93   -22.79        12.20     4.93   -22.79     0.000
  -28.20   -19.08    -9.82       -28.20   -19.08    -9.82     0.000
   18.62    13.54    55.18        18.62    13.54    55.18     0.000
    8.86    -4.75    62.05         8.86    -4.75    62.05     0.000
   -1.37   -26.75   -21.81        -1.37   -26.75   -21.81     0.000
   -4.50   -14.59   -31.29        -4.50   -14.59   -31.29     0.000
   29.50    15.28    -0.64        29.50    15.28    -0.64     0.000
   -5.02    -4.55    18.45        -5.02    -4.55    18.45     0.000
   28.71    16.06     2.60        28.71    16.06     2.60     0.000
   30.39     1.98   -15.01        30.39     1.98   -15.01     0.000
  -32.55   -33.29   -32.30       -32.55   -33.29   -32.30     0.000
   23.32    -4.59   -24.35        23.32    -4.59   -24.35     0.000
   25.57    -0.29    12.29        25.57    -0.29    12.29     0.000
    7.46    -8.02    23.49         7.46    -8.02    23.49     0.000
   12.74    -2.39    60.18        12.74    -2.39    60.18     0.000
   -7.93   -31.85   -28.75        -7.93   -31.85   -28.75     0.000
   -8.74   -27.38   -43.14        -8.74   -27.38   -43.14     0.000
    0.48     6.48    56.97         0.48     6.48    56.97     0.000
   19.39    13.04    47.74        19.39    13.04    47.74     0.000
   32.54    -0.34    -4.95        32.54    -0.34    -4.95     0.000
   24.19    13.41    22.27        24.19    13.41    22.27     0.000
   -0.13     1.53    40.51        -0.13     1.53    40.51     0.000
   19.17    22.46   -21.78        19.17    22.46   -21.78     0.000
  -15.14    -7.45    -2.72       -15.14    -7.45    -2.72     0.000
   30.09     2.93   -16.10        30.09     2.93   -16.10     0.000
   12.75    22.69    43.96        12.75    22.69    43.96     0.000
   15.85    22.00    38.94        15.85    22.00    38.94     0.000
   -0.04    -5.23    61.96        -0.04    -5.23    61.96     0.000
