150 PA5-B-Debug-Answer.txt 6
  106.3322   68.8726   97.9701 -139.8233  -53.7136   57.4645
   20.14     9.43    50.95        20.14     9.43    50.95     0.000
  -21.44   -30.96   -40.48       -21.44   -30.96   -40.48     0.000
   -3.01   -23.01   -31.68        -3.01   -23.01   -31.68     0.000
   20.27    20.26    30.27        20.27    20.26    30.27     0.000
   -8.53     3.88   -30.80        -8.53     3.88   -30.80     0.000
   24.20    15.67    25.62        24.20    15.67    25.62     0.000
   -7.24     5.74   -24.70        -7.24     5.74   -24.70     0.000
   25.28     7.80   -33.75        25.28     7.80   -33.75     0.000
   18.58    -8.54    -5.03        18.58    -8.54    -5.03     0.000
   34.00     0.95     8.73        34.00     0.95     8.73     0.000
   23.13    24.92   -16.14        23.13    24.92   -16.14     0.000
   33.87     6.05   -27.68        33.87     6.05   -27.68     0.000
  -21.40    -0.90   -13.46       -21.40    -0.90   -13.46     0.000
    8.74    -6.06    14.42         8.74    -6.06    14.42     0.000
   -5.35   -27.18   -27.98        -5.35   -27.18   -27.98     0.000
  -13.16   -26.44   -42.62       -13.16   -26.44   -42.62     0.000
    9.43    17.70    59.18         9.43    17.70    59.18     0.000
    8.31     7.21    71.71         8.31     7.21    71.71     0.000
   14.81    22.72    -8.61        14.81    22.72    -8.61     0.000
   21.87    25.57    -6.66        21.87    25.57    -6.66     0.000
   22.74    19.79    23.71        22.74    19.79    23.71     0.000
   -5.98    -9.11    11.93        -5.98    -9.11    11.93     0.000
   14.23    12.87   -14.18        14.23    12.87   -14.18     0.000
   31.40    17.02   -25.17        31.40    17.02   -25.17     0.000
   -2.32   -10.36     4.66        -2.32   -10.36     4.66     0.000
  -33.00   -30.74   -34.82       -33.00   -30.74   -34.82     0.000
   -0.07   -15.03   -10.82        -0.07   -15.03   -10.82     0.000
  -39.36    -7.18   -13.80       -39.36    -7.18   -13.80     0.000
  -29.60    -2.93   -14.48       -29.60    -2.93   -14.48     0.000
    5.46    13.90    70.88         5.46    13.90    70.88     0.000
   36.91     9.34     2.97        36.91     9.34     2.97     0.000
   29.25    18.49   -24.50        29.25    18.49   -24.50     0.000
   30.05    20.34    -0.53        30.05    20.34    -0.53     0.000
   37.88     2.86    -1.72        37.88     2.86    -1.72     0.000
   15.06    -4.17   -23.56        15.06    -4.17   -23.56     0.000
   22.94    25.14   -20.62        22.94    25.14   -20.62     0.000
   22.37    24.97   -15.80        22.37    24.97   -15.80     0.000
   -5.61    -1.24    51.04        -5.61    -1.24    51.04     0.000
  -35.81     0.40   -16.58       -35.81     0.40   -16.58     0.000
   12.55    25.71    14.85        12.55    25.71    14.85     0.000
   -4.17    29.41    19.37        -4.17    29.41    19.37     0.000
   25.32     0.98    19.62        25.32     0.98    19.62     0.000
  -31.97     5.87   -29.45       -31.97     5.87   -29.45     0.000
    2.97    -1.11   -24.55         2.97    -1.11   -24.55     0.000
   -5.65    -0.03    49.78        -5.65    -0.03    49.78     0.000
   31.86     5.99   -31.15        31.86     5.99   -31.15     0.000
   24.63    12.58   -30.78        24.63    12.58   -30.78     0.000
    4.24    -8.37    13.05         4.24    -8.37    13.05     0.000
   -6.78    24.83    15.01        -6.78    24.83    15.01     0.000
   -5.14    -3.50    41.68        -5.14    -3.50    41.68     0.000
  -17.34   -29.09   -41.48       -17.34   -29.09   -41.48     0.000
  -15.87   -33.07   -32.99       -15.87   -33.07   -32.99     0.000
    8.86     0.75   -23.69         8.86     0.75   -23.69     0.000
   -2.35    10.70    26.18        -2.35    10.70    26.18     0.000
   28.50     6.80   -33.83        28.50     6.80   -33.83     0.000
   36.69     9.63     0.36        36.69     9.63     0.36     0.000
  -21.71   -17.06    -7.39       -21.71   -17.06    -7.39     0.000
  -12.03   -31.71   -21.19       -12.03   -31.71   -21.19     0.000
   19.32    13.87   -27.98        19.32    13.87   -27.98     0.000
  -10.00    -5.97     9.26       -10.00    -5.97     9.26     0.000
   19.57    22.06    22.20        19.57    22.06    22.20     0.000
  -13.57   -23.88   -11.33       -13.57   -23.88   -11.33     0.000
   31.92     9.95   -31.05        31.92     9.95   -31.05     0.000
   24.76    24.67   -19.55        24.76    24.67   -19.55     0.000
   25.84    23.62    -2.52        25.84    23.62    -2.52     0.000
  -17.03   -16.48   -48.79       -17.03   -16.48   -48.79     0.000
   22.98    -2.76    18.79        22.98    -2.76    18.79     0.000
   -5.60    -1.41    58.06        -5.60    -1.41    58.06     0.000
   -5.40    18.94    14.76        -5.40    18.94    14.76     0.000
   -4.31    26.77    10.78        -4.31    26.77    10.78     0.000
    2.64    -3.53   -25.20         2.64    -3.53   -25.20     0.000
  -40.82   -15.09   -42.04       -40.82   -15.09   -42.04     0.000
  -30.95   -27.68   -40.78       -30.95   -27.68   -40.78     0.000
   32.23     0.73    10.90        32.23     0.73    10.90     0.000
   13.22    -3.31   -24.85        13.22    -3.31   -24.85     0.000
  -20.39     3.27   -17.76       -20.39     3.27   -17.76     0.000
   11.95    -3.24    30.46        11.95    -3.24    30.46     0.000
   -4.38   -10.15     6.67        -4.38   -10.15     6.67     0.000
   -6.52   -16.88    -9.91        -6.52   -16.88    -9.91     0.000
   -1.01   -16.21   -25.32        -1.01   -16.21   -25.32     0.000
   17.68    14.47   -17.80        17.68    14.47   -17.80     0.000
    0.27    13.18     8.25         0.27    13.18     8.25     0.000
   24.65     0.73    21.18        24.65     0.73    21.18     0.000
    3.09    -6.25    53.70         3.09    -6.25    53.70     0.000
   26.66    -9.35   -18.76        26.66    -9.35   -18.76     0.000
   24.46    23.58   -23.49        24.46    23.58   -23.49     0.000
   12.20    15.96    61.12        12.20    15.96    61.12     0.000
    1.31    21.73    32.73         1.31    21.73    32.73     0.000
   32.56     7.85    10.28        32.56     7.85    10.28     0.000
  -28.96   -16.13   -47.88       -28.96   -16.13   -47.88     0.000
    5.07   -13.36   -12.16         5.07   -13.36   -12.16     0.000
   20.50    25.46   -24.95        20.50    25.46   -24.95     0.000
   -3.70   -11.67   -37.91        -3.70   -11.67   -37.91     0.000
   12.94    -2.90    53.36        12.94    -2.90    53.36     0.000
  -10.10    -9.83     4.52       -10.10    -9.83     4.52     0.000
  -21.12   -11.53   -49.10       -21.12   -11.53   -49.10     0.000
   32.30    -5.49   -19.46        32.30    -5.49   -19.46     0.000
  -20.28   -31.16   -15.58       -20.28   -31.16   -15.58     0.000
   20.27    -9.48    -6.73        20.27    -9.48    -6.73     0.000
  -39.07    -4.08   -38.38       -39.07    -4.08   -38.38     0.000
  -44.69   -15.42   -36.55       -44.69   -15.42   -36.55     0.000
  -24.82   -20.88    -7.17       -24.82   -20.88    -7.17     0.000
   19.36    -5.59     3.92        19.36    -5.59     3.92     0.000
    9.67    22.62     1.44         9.67    22.62     1.44     0.000
   34.29    -2.56   -16.23        34.29    -2.56   -16.23     0.000
  -41.44   -21.99   -37.00       -41.44   -21.99   -37.00     0.000
  -32.69    -9.01   -10.17       -32.69    -9.01   -10.17     0.000
    1.76    -4.30    71.75         1.76    -4.30    71.75     0.000
   16.69     7.99   -25.54        16.69     7.99   -25.54     0.000
   10.51    20.90    -1.55        10.51    20.90    -1.55     0.000
    3.28    27.99    20.23         3.28    27.99    20.23     0.000
    2.31   -13.01    -2.99         2.31   -13.01    -2.99     0.000
   -2.69    -8.59    22.25        -2.69    -8.59    22.25     0.000
   -4.01    -3.70   -30.59        -4.01    -3.70   -30.59     0.000
  -13.52   -19.35   -47.24       -13.52   -19.35   -47.24     0.000
   -5.39    28.24    18.73        -5.39    28.24    18.73     0.000
  -27.66   -19.41   -47.99       -27.66   -19.41   -47.99     0.000
    1.31    -6.95    31.00         1.31    -6.95    31.00     0.000
   14.90    13.46   -14.61        14.90    13.46   -14.61     0.000
  -19.27     1.84   -42.80       -19.27     1.84   -42.80     0.000
   34.09    -0.87     6.49        34.09    -0.87     6.49     0.000
  -16.87     0.71   -12.38       -16.87     0.71   -12.38     0.000
   16.81   -10.99    -6.34        16.81   -10.99    -6.34     0.000
   31.84    15.41     7.93        31.84    15.41     7.93     0.000
   -1.98    -8.54    20.88        -1.98    -8.54    20.88     0.000
  -44.59   -12.23   -40.41       -44.59   -12.23   -40.41     0.000
   25.04    -8.68   -21.03        25.04    -8.68   -21.03     0.000
    1.97    15.66     7.06         1.97    15.66     7.06     0.000
   34.23    -2.75   -16.79        34.23    -2.75   -16.79     0.000
    4.04    15.47     5.01         4.04    15.47     5.01     0.000
    1.99   -13.03    -5.39         1.99   -13.03    -5.39     0.000
  -22.69   -15.71    -7.65       -22.69   -15.71    -7.65     0.000
  -47.98   -10.26   -36.87       -47.98   -10.26   -36.87     0.000
   25.87    23.13   -10.01        25.87    23.13   -10.01     0.000
   -5.22   -20.64   -13.91        -5.22   -20.64   -13.91     0.000
  -11.24    -2.88     3.57       -11.24    -2.88     3.57     0.000
  -10.24     3.98   -34.53       -10.24     3.98   -34.53     0.000
  -15.86     2.94   -16.18       -15.86     2.94   -16.18     0.000
   20.81    20.46    28.11        20.81    20.46    28.11     0.000
   24.43    14.99   -29.24        24.43    14.99   -29.24     0.000
   11.52    25.96     8.05        11.52    25.96     8.05     0.000
    1.97     6.03   -20.58         1.97     6.03   -20.58     0.000
   27.74    -1.20    16.24        27.74    -1.20    16.24     0.000
   12.31     1.79   -25.32        12.31     1.79   -25.32     0.000
   28.48    -6.15    -0.54        28.48    -6.15    -0.54     0.000
   -4.40   -12.67   -41.30        -4.40   -12.67   -41.30     0.000
    7.99    26.79    18.13         7.99    26.79    18.13     0.000
   -4.79    -4.03    71.37        -4.79    -4.03    71.37     0.000
   -5.23     1.07    42.55        -5.23     1.07    42.55     0.000
   -6.43    24.67    13.80        -6.43    24.67    13.80     0.000
