400 PA5-F-Debug-Output.txt 6
  139.2876  -97.2285  -91.1500  114.9912 -119.0615  -29.5298
   33.38     4.14   -26.49        33.36     4.14   -26.49     0.015
   40.62     6.86   -15.76        40.60     6.93   -15.80     0.086
   24.25    23.25   -22.61        24.28    23.29   -22.61     0.052
    5.41    19.04    48.07         5.40    19.20    48.06     0.162
   35.44    -3.69   -26.17        35.37    -3.77   -26.23     0.121
  -13.55    -5.53     7.04       -13.59    -5.57     7.07     0.065
    2.09    -5.59    32.73         2.06    -5.67    32.73     0.094
  -16.79    27.75    31.52       -16.78    27.81    31.55     0.068
   -8.28    -8.12     6.67        -8.35    -8.25     6.73     0.155
   34.88     8.59   -25.63        34.90     8.59   -25.66     0.025
  -26.24    20.68    33.46       -26.30    20.68    33.49     0.064
    4.70    -8.87    59.28         4.69    -8.99    59.27     0.117
  -26.83    -1.18    -6.97       -26.83    -1.19    -6.98     0.008
   -3.35    -5.65   -38.62        -3.33    -5.64   -38.63     0.030
  -10.11    12.73    -0.37       -10.16    12.84    -0.43     0.132
   -3.69   -13.55   -39.84        -3.65   -13.55   -39.88     0.062
   13.31    19.62    49.36        13.31    19.62    49.36     0.007
    4.95    14.58    67.42         4.98    14.59    67.53     0.108
   11.85    26.09   -21.30        11.85    26.10   -21.30     0.007
    2.59    23.33     1.92         2.65    23.22     1.94     0.130
  -18.39    -9.43     0.93       -18.40    -9.46     1.00     0.078
   32.81    14.30     9.75        32.82    14.35     9.79     0.063
   19.19    -5.57    54.40        19.10    -5.48    54.38     0.126
  -29.80    -5.96   -40.25       -29.83    -5.96   -40.28     0.048
  -33.36     1.27    -9.98       -33.39     1.29    -9.95     0.048
  -27.07     2.54   -38.26       -27.08     2.55   -38.28     0.020
   31.55     8.47    17.50        31.51     8.43    17.47     0.058
   -0.03   -23.30   -24.91        -0.09   -23.26   -24.91     0.070
  -40.18    -0.11   -31.72       -40.17    -0.12   -31.70     0.024
   14.73     9.37    68.80        14.74     9.37    68.84     0.049
   35.02   -11.81    -7.76        35.01   -11.76    -7.78     0.051
   -3.42     9.93   -14.39        -3.41     9.95   -14.39     0.021
  -14.54     0.28   -43.42       -14.56     0.27   -43.48     0.057
  -29.02    10.36   -17.36       -29.02    10.37   -17.35     0.021
  -14.97   -32.16   -28.38       -14.97   -32.15   -28.37     0.017
    7.07   -18.28   -16.83         7.05   -18.21   -16.81     0.065
   17.46    23.70     7.99        17.42    23.60     7.96     0.121
  -42.11    -7.21   -27.88       -42.10    -7.21   -27.88     0.012
   26.14    11.35    27.75        26.24    11.41    27.78     0.119
   10.63   -15.62    -2.87        10.65   -15.54    -2.88     0.082
   36.67     0.28     9.57        36.68     0.27     9.58     0.008
   35.69    -2.98   -26.71        35.75    -3.02   -26.68     0.074
  -28.54   -24.17   -10.47       -28.53   -24.14   -10.51     0.048
   39.62    -3.74   -13.21        39.76    -3.83   -13.22     0.168
   19.72   -15.66    -8.91        19.72   -15.65    -8.92     0.009
   -9.03     2.53    49.85        -9.01     2.54    49.85     0.020
   27.15   -11.56    -2.35        27.17   -11.65    -2.32     0.101
   -6.17    10.46    -9.01        -6.15    10.44    -9.01     0.033
   -1.47    -6.15    62.26        -1.63    -6.40    62.24     0.292
  -13.09     8.88    50.67       -13.15     8.89    50.67     0.061
  -10.93    14.38   -27.36       -10.89    14.55   -27.38     0.172
  -15.44   -30.84   -11.38       -15.44   -30.79   -11.47     0.106
   -8.56    23.55    12.64        -8.56    23.60    12.59     0.074
   -9.01    10.01    -5.52        -9.00    10.00    -5.51     0.017
   15.61    20.60   -31.59        15.62    20.61   -31.61     0.026
   23.47    -7.54    25.75        23.35    -7.41    25.71     0.187
   39.25    -6.56    -8.50        39.20    -6.53    -8.49     0.068
    2.47     3.97   -21.45         2.47     3.97   -21.46     0.008
   38.51    -1.56   -27.55        38.53    -1.57   -27.56     0.023
  -18.66   -28.31    -8.82       -18.70   -28.36    -8.79     0.067
   11.77    -9.39    45.94        11.78    -9.33    45.94     0.065
   -3.40    19.08    54.49        -3.40    18.95    54.48     0.135
  -33.54     3.52   -12.93       -33.48     3.65   -12.81     0.187
  -17.37     2.64   -41.54       -17.36     2.66   -41.58     0.048
   -3.92   -22.94   -12.43        -3.81   -23.02   -12.39     0.136
    4.17   -16.95   -35.09         4.19   -16.95   -35.10     0.022
    1.01   -13.71    -2.35         1.00   -13.68    -2.39     0.051
  -33.91   -18.33   -33.35       -33.90   -18.30   -33.34     0.031
  -33.79     7.16   -18.88       -33.83     7.18   -18.86     0.045
  -35.65   -19.12   -31.30       -35.66   -19.22   -31.37     0.125
  -34.24    -1.01   -36.28       -34.25    -1.02   -36.23     0.055
  -27.46   -24.52   -36.36       -27.47   -24.54   -36.37     0.025
  -38.51   -16.61   -16.37       -38.41   -16.56   -16.40     0.118
   25.10   -12.41   -37.40        25.07   -12.41   -37.43     0.043
  -39.47     0.55   -30.71       -39.36     0.42   -30.70     0.174
  -14.04     8.64    36.59       -14.05     8.64    36.59     0.012
   -5.76   -23.98    -9.58        -5.80   -23.94    -9.62     0.070
   35.84    15.82     3.83        35.80    15.74     3.81     0.086
  -19.78   -33.14   -19.45       -19.78   -33.11   -19.45     0.029
   28.11   -13.42    -9.72        28.11   -13.49    -9.69     0.076
   33.48     9.06    13.10        33.49     9.08    13.12     0.030
   -4.27    24.99    14.89        -4.27    25.00    14.89     0.014
  -23.55   -31.64   -16.44       -23.64   -31.84   -16.43     0.225
   34.00     5.46   -25.42        34.11     5.41   -25.56     0.187
  -13.66    10.40    -0.15       -13.64    10.38    -0.13     0.033
   -5.20    -8.27   -41.63        -5.18    -8.27   -41.65     0.030
   -4.80    16.23    -0.86        -4.79    16.20    -0.84     0.036
   12.01   -15.85    -3.71        11.98   -15.78    -3.76     0.088
  -30.60   -11.87   -40.25       -30.62   -11.89   -40.28     0.041
   13.48    -0.16   -24.99        13.53    -0.17   -24.96     0.051
    0.86   -10.14    15.75         0.86   -10.17    15.75     0.027
  -35.97   -17.49   -33.22       -35.94   -17.46   -33.17     0.064
   33.91     6.88   -26.28        33.87     6.88   -26.22     0.071
   35.17   -10.16   -22.82        35.17   -10.16   -22.81     0.010
   -7.44   -26.91   -34.49        -7.28   -27.02   -34.57     0.209
   -7.55     0.60    52.03        -7.53     0.61    52.03     0.028
  -35.85    -4.57   -35.19       -35.85    -4.57   -35.19     0.007
   23.66    -8.03    20.46        23.71    -8.12    20.48     0.105
    9.95    23.54    16.85         9.95    23.49    16.84     0.053
   -3.95    12.24   -19.23        -4.01    12.17   -19.22     0.097
   -2.10   -24.17   -17.83        -2.14   -24.15   -17.85     0.055
   19.92   -13.14   -34.11        19.96   -13.12   -34.08     0.052
   32.03   -15.01   -12.32        32.00   -14.88   -12.41     0.159
   40.92     2.98   -21.94        40.85     2.96   -21.90     0.080
  -41.57    -5.31   -28.91       -41.53    -5.29   -28.90     0.049
   14.74    19.78   -32.83        14.72    19.75   -32.80     0.047
   22.52   -13.35   -36.25        22.57   -13.37   -36.15     0.116
  -19.80    15.99   -20.74       -19.81    16.07   -20.73     0.076
  -14.70   -14.52     0.54       -14.70   -14.51     0.49     0.046
  -37.13     2.05   -31.25       -37.17     2.12   -31.29     0.093
   16.56     4.55   -31.70        16.64     4.56   -31.68     0.079
   40.88     9.29    -9.96        40.90     9.32    -9.97     0.034
    8.61     9.72    67.86         8.64     9.74    67.83     0.044
  -40.66   -16.16   -27.29       -40.69   -16.19   -27.29     0.047
    4.07     2.89   -21.71         4.03     2.79   -21.61     0.152
  -15.41    29.36    23.05       -15.43    29.30    23.06     0.060
   11.56    -9.45    61.22        11.57    -9.55    61.23     0.094
   -0.69   -20.08   -35.89        -0.66   -20.07   -35.85     0.051
  -22.01   -24.81   -38.57       -22.02   -24.83   -38.59     0.031
   22.60    -9.26    15.04        22.58    -9.21    15.04     0.054
  -26.11   -29.89   -28.16       -26.11   -29.89   -28.16     0.002
   36.82   -10.76    -8.47        36.80   -10.72    -8.49     0.055
  -22.83     9.13   -35.35       -22.81     9.11   -35.32     0.036
   -9.14    24.25    34.32        -9.17    24.16    34.29     0.098
   26.27    14.10   -33.07        26.27    14.11   -33.09     0.018
   16.21    26.72    -3.04        16.24    26.85    -3.03     0.139
   29.16    -0.69    23.71        29.15    -0.69    23.70     0.009
   13.84    20.08    26.19        13.80    19.98    26.18     0.107
  -14.83    26.78    33.28       -14.83    26.78    33.28     0.005
  -10.06   -32.24   -23.21       -10.09   -32.14   -23.19     0.109
   20.37    -3.67    56.09        20.23    -3.59    56.06     0.164
   -7.59    10.66    -8.98        -7.59    10.51    -8.98     0.150
   -3.13    -5.64    64.28        -3.21    -5.76    64.26     0.149
   11.43    25.64     8.77        11.43    25.64     8.77     0.003
   39.05    -7.02     0.12        39.06    -7.05     0.13     0.036
   -8.78    -4.11    21.64        -8.78    -4.12    21.64     0.006
  -30.65     1.96   -10.48       -30.64     1.96   -10.47     0.010
   23.37    -4.45    37.18        23.35    -4.44    37.17     0.030
   20.24    25.39   -13.25        20.21    25.32   -13.25     0.083
  -15.53     5.86   -39.16       -15.53     5.79   -39.08     0.113
  -25.91     9.76   -15.99       -25.95     9.80   -15.93     0.081
  -22.71   -18.14   -42.73       -22.69   -18.14   -42.69     0.040
  -27.05   -13.14   -41.43       -27.04   -13.13   -41.40     0.031
   38.40    12.58    -5.83        38.49    12.68    -5.85     0.139
  -32.43   -13.56    -5.10       -32.33   -13.58    -5.15     0.111
   14.07    26.81    -2.49        14.07    26.85    -2.49     0.046
   22.06     9.33    64.95        22.04     9.33    64.94     0.022
  -28.74   -27.61   -16.11       -28.76   -27.66   -16.10     0.053
   -0.53    15.75    -7.38        -0.47    15.72    -7.35     0.070
    7.38    -7.39    27.96         7.39    -7.34    27.96     0.047
  -10.82   -16.67   -43.79       -10.83   -16.65   -43.76     0.037
    7.27    23.59   -21.25         7.24    23.63   -21.25     0.052
    1.21    21.17    32.15         1.21    21.38    32.20     0.215
   20.90     1.45    63.69        20.98     1.43    63.71     0.083
    4.10   -16.64   -35.20         4.11   -16.64   -35.21     0.020
    3.11    -7.81    56.16         3.08    -7.91    56.13     0.112
  -27.18   -19.19    -3.59       -27.16   -19.17    -3.62     0.041
   44.10     4.71    -6.57        44.00     4.72    -6.57     0.103
   -3.37   -10.61     5.12        -3.36   -10.56     5.07     0.079
  -16.50    19.43    11.08       -16.52    19.44    11.04     0.050
   38.31    13.28     1.34        38.37    13.32     1.34     0.076
  -11.57     9.79    -7.51       -11.54     9.69    -7.53     0.101
    2.22    14.47    67.13         2.22    14.44    67.20     0.079
   -0.42     1.84   -26.65        -0.48     1.82   -26.62     0.069
   20.62    -9.37    23.26        20.62    -9.29    23.24     0.082
  -13.63     3.50    63.56       -13.47     3.57    63.59     0.177
   27.82    -4.21    20.28        28.01    -4.38    20.33     0.256
  -32.71     8.39   -21.50       -32.79     8.46   -21.50     0.106
   15.51    -9.39    40.94        15.50    -9.26    40.95     0.129
   -0.99    -4.98    48.30        -1.01    -5.03    48.30     0.050
   19.72     8.70   -34.49        19.71     8.67   -34.54     0.055
    9.12    -8.22    67.86         9.17    -8.26    67.72     0.152
  -15.24   -33.15   -24.33       -15.24   -33.13   -24.32     0.023
   32.65     8.20   -28.74        32.53     8.19   -28.68     0.135
    5.67    -9.70    66.84         5.67    -9.73    66.85     0.035
   10.77    24.37    12.06        10.78    24.34    12.05     0.032
   16.27    18.79   -32.72        16.30    18.83   -32.77     0.070
  -17.35     6.03   -38.76       -17.34     6.08   -38.83     0.086
  -18.03    29.62    22.37       -18.02    29.74    22.34     0.123
   41.18     3.40   -21.10        41.17     3.40   -21.09     0.008
   -2.48     8.90   -17.69        -2.47     8.96   -17.71     0.057
   -3.59    -3.67    42.53        -3.60    -3.63    42.53     0.041
  -17.80     2.51     2.25       -17.84     2.50     2.24     0.040
  -29.48   -26.77   -15.03       -29.51   -26.81   -15.02     0.054
  -12.41     3.77    67.21       -12.41     3.77    67.23     0.011
   -8.86   -31.48   -21.91        -8.88   -31.44   -21.92     0.038
  -18.29   -33.07   -17.73       -18.30   -33.11   -17.72     0.048
   22.19    11.47    59.11        22.10    11.45    59.09     0.093
   -9.84     3.62    48.10        -9.88     3.59    48.11     0.049
   23.95   -14.93   -12.16        24.03   -14.99   -12.08     0.124
   28.41    21.17   -13.10        28.45    21.22   -13.11     0.070
   12.54    18.53    60.94        12.50    18.46    60.93     0.084
   32.16   -11.68    -6.69        32.16   -11.64    -6.72     0.047
   -1.87    21.45     4.71        -1.72    21.25     4.75     0.255
    1.78    18.46   -13.50         1.76    18.48   -13.53     0.039
    9.37    18.08    64.53         9.36    18.10    64.55     0.027
  -18.80    15.71   -25.75       -18.80    15.76   -25.76     0.049
   32.17    -2.77   -27.52        32.18    -2.77   -27.52     0.015
  -20.01   -15.52     0.43       -20.02   -15.52     0.41     0.021
  -28.79     7.07   -33.12       -28.81     7.09   -33.14     0.041
    5.71   -18.63   -18.48         5.65   -18.52   -18.44     0.131
  -12.91   -30.92   -13.85       -12.87   -30.98   -13.81     0.074
   -1.67     3.65   -27.01        -1.71     3.62   -27.00     0.055
   -4.11   -21.48    -8.88        -4.12   -21.48    -8.89     0.015
   -8.52    12.16    -3.48        -8.44    12.05    -3.41     0.151
   35.94     4.66   -24.33        35.95     4.65   -24.37     0.038
    2.54   -20.24   -19.83         2.62   -20.32   -19.84     0.111
    1.84   -19.41   -37.74         1.82   -19.40   -37.71     0.039
   -6.29    23.05    33.16        -6.30    23.03    33.15     0.027
   23.27    22.05   -29.26        23.26    22.08   -29.30     0.048
   26.00     9.25    34.96        26.03     9.27    34.96     0.034
  -36.81   -16.91   -13.89       -36.77   -16.89   -13.92     0.057
  -28.91   -26.09   -12.40       -28.90   -26.04   -12.46     0.081
   25.88    19.84     7.55        25.86    19.80     7.50     0.068
  -17.34    19.11    11.32       -17.26    19.08    11.44     0.139
    1.30   -20.72   -37.23         1.32   -20.73   -37.24     0.026
  -30.75   -21.97   -10.12       -30.87   -22.04   -10.05     0.152
  -12.78   -12.20   -45.55       -12.78   -12.20   -45.55     0.001
   28.93    20.79    -5.40        28.99    20.84    -5.40     0.083
  -27.85    -5.80   -41.64       -27.84    -5.80   -41.63     0.019
   -6.25    -1.04    50.34        -6.22    -1.01    50.34     0.046
  -10.59    -7.50   -45.29       -10.58    -7.50   -45.30     0.013
    0.41   -15.18   -37.45         0.43   -15.15   -37.51     0.071
  -11.87    -2.69    13.27       -11.92    -2.74    13.30     0.080
   -4.31    -3.87    58.18        -4.45    -4.08    58.14     0.254
   43.00     1.30   -10.39        43.02     1.28   -10.39     0.029
   25.12     9.65    38.68        25.12     9.65    38.68     0.002
   37.34    -5.08   -25.14        37.33    -5.06   -25.13     0.021
   17.94    17.81    24.76        17.95    17.83    24.76     0.026
   29.52    -4.01   -34.38        29.44    -4.01   -34.30     0.107
   25.13    23.53    -6.60        25.04    23.36    -6.62     0.199
   32.24     8.52   -29.28        32.23     8.52   -29.28     0.002
   -3.64   -16.62    -3.53        -3.63   -16.63    -3.53     0.008
   -7.41    -5.09    28.84        -7.47    -5.16    28.83     0.094
   13.47    -9.18    40.44        13.44    -9.30    40.43     0.123
  -17.75     7.03    20.47       -17.76     7.03    20.47     0.009
   -4.72   -23.08   -35.59        -4.72   -23.08   -35.59     0.000
   37.03   -10.19    -7.34        37.04   -10.20    -7.34     0.009
   33.38   -17.06   -21.97        33.39   -17.01   -21.98     0.053
  -20.69     8.28   -11.03       -20.67     8.25   -11.06     0.045
   -0.94     6.36   -23.38        -0.96     6.34   -23.37     0.023
   39.18    -8.18    -3.89        39.08    -8.11    -3.89     0.126
    7.22    -9.13    53.25         7.29    -8.92    53.27     0.228
    3.86    -7.06    20.74         3.84    -7.16    20.74     0.109
  -27.60    24.87    24.06       -27.55    24.86    24.07     0.056
  -20.81    22.78    37.69       -20.81    22.78    37.69     0.000
    6.37    -7.37    18.69         6.36    -7.33    18.68     0.043
   35.06    13.37   -16.85        35.07    13.38   -16.85     0.018
  -14.71    25.23    15.02       -14.70    25.29    14.94     0.095
   34.98    -8.43     0.56        34.99    -8.54     0.59     0.116
  -29.77   -11.75   -40.91       -29.77   -11.75   -40.92     0.007
   13.21    -6.41   -26.41        13.15    -6.42   -26.50     0.110
  -36.85    -9.54   -31.60       -36.86    -9.52   -31.65     0.060
  -33.51   -10.45   -33.56       -33.37   -10.48   -33.46     0.172
    3.62   -18.10    -9.64         3.61   -18.07    -9.65     0.033
  -16.70    16.49   -20.75       -16.71    16.41   -20.76     0.076
  -21.83    13.69    32.37       -21.83    13.69    32.37     0.002
   18.66   -15.36   -28.16        18.65   -15.36   -28.17     0.018
   33.13     7.67    15.50        33.08     7.66    15.47     0.057
   18.28    26.04    -1.01        18.24    25.92    -1.03     0.130
  -26.95   -30.08   -19.57       -27.01   -30.15   -19.56     0.090
   32.79    13.95    10.05        32.80    14.01    10.12     0.096
    2.53   -18.16   -37.69         2.55   -18.16   -37.71     0.024
  -31.80     1.58   -35.44       -31.75     1.53   -35.40     0.086
   -1.55   -20.68   -35.54        -1.55   -20.66   -35.51     0.036
  -11.77    13.96     3.30       -11.79    13.99     3.27     0.042
   -7.24    11.51    -5.56        -7.22    11.49    -5.54     0.035
    4.38    14.04   -24.29         4.34    13.99   -24.27     0.067
   -8.61   -30.06   -29.75        -8.60   -30.09   -29.76     0.034
    9.18    22.65    21.91         9.18    22.67    21.91     0.017
  -32.03   -20.68   -10.53       -32.07   -20.72   -10.50     0.070
   -5.79   -29.94   -24.45        -5.87   -29.84   -24.41     0.131
  -20.40    29.57    26.54       -20.41    29.71    26.58     0.145
    4.61    -8.79    13.70         4.61    -8.80    13.70     0.005
  -41.01   -13.62   -22.41       -40.96   -13.61   -22.43     0.055
   35.06    -2.44   -25.16        35.02    -2.43   -25.10     0.079
    3.63    22.93    21.12         3.63    22.99    21.13     0.065
  -14.04     1.52   -43.44       -14.03     1.50   -43.40     0.047
  -15.96   -23.66   -40.89       -15.96   -23.65   -40.88     0.010
  -23.18    29.37    23.58       -23.21    29.51    23.57     0.143
   35.00    -5.70   -24.58        35.00    -5.69   -24.57     0.012
    5.55   -12.86     5.63         5.58   -12.82     5.64     0.053
   27.15   -12.63    -6.21        27.12   -12.49    -6.24     0.150
  -25.63   -21.27   -39.99       -25.67   -21.31   -40.06     0.092
   -8.49   -23.05   -40.44        -8.51   -23.01   -40.40     0.065
  -13.68    14.90   -14.84       -13.67    14.97   -14.74     0.118
   18.83   -14.94    -6.79        18.84   -14.95    -6.78     0.021
  -12.71    13.28   -13.08       -12.71    13.23   -13.13     0.071
   -9.23    14.60   -23.26        -9.21    14.63   -23.26     0.036
    6.74    19.99    37.58         6.76    20.21    37.63     0.232
   -9.38     0.31    58.44        -9.35     0.35    58.45     0.052
    7.93    24.72   -12.41         8.00    24.55   -12.37     0.192
   33.11    16.31     8.75        33.05    16.24     8.72     0.097
  -31.89   -25.14   -18.91       -31.83   -25.08   -18.92     0.087
   12.18    25.72     7.24        12.20    25.81     7.26     0.100
  -39.56   -10.93   -16.08       -39.59   -10.93   -16.06     0.038
   19.11    16.30    32.65        19.12    16.32    32.65     0.030
   36.95   -15.88   -17.49        37.05   -15.87   -17.49     0.101
  -14.16    14.45    41.66       -14.26    14.43    41.69     0.105
    1.33    23.13    21.33         1.32    23.10    21.33     0.032
   24.83    15.32   -32.47        24.83    15.33   -32.48     0.019
   34.25     8.00    13.58        34.24     7.98    13.57     0.029
  -35.91   -18.21   -32.75       -35.91   -18.21   -32.75     0.005
   16.06    -6.97   -28.74        16.10    -6.97   -28.70     0.059
   -7.65    -1.71    58.75        -7.60    -1.65    58.78     0.087
  -25.03    -7.29    -1.83       -25.00    -7.34    -1.93     0.114
   -9.96    16.72     4.50        -9.86    16.55     4.63     0.235
   -3.85    -4.15    54.70        -3.77    -4.03    54.72     0.140
   14.10   -18.10   -20.38        14.06   -18.17   -20.41     0.091
  -26.48   -20.06   -40.38       -26.47   -20.04   -40.35     0.046
    6.53   -18.35   -17.33         6.51   -18.27   -17.32     0.081
  -20.75   -32.81   -16.52       -20.74   -32.75   -16.52     0.057
   40.01    -3.65     3.35        40.06    -3.69     3.40     0.079
  -26.42   -22.88   -38.72       -26.39   -22.84   -38.67     0.068
  -13.15   -18.27   -43.56       -13.16   -18.24   -43.50     0.069
   -3.39    -9.36     8.89        -3.40    -9.37     8.90     0.009
   29.31     7.08    24.25        29.45     7.10    24.29     0.147
   -6.64   -13.41     0.55        -6.64   -13.45     0.58     0.048
   27.32    19.79   -28.16        27.17    19.71   -28.08     0.192
   15.94    18.67    35.46        15.97    18.72    35.46     0.058
  -39.21   -14.58   -16.60       -39.22   -14.58   -16.60     0.012
  -14.10    -1.57    11.00       -14.04    -1.53    10.98     0.069
   32.05   -14.76   -12.28        32.05   -14.77   -12.28     0.010
    4.26    -6.61    26.97         4.29    -6.55    26.97     0.066
   -8.99   -29.80   -31.63        -8.99   -29.80   -31.63     0.006
    4.78    -2.12   -24.58         4.75    -2.14   -24.64     0.070
   23.00    10.82    55.02        22.96    10.80    55.01     0.050
    5.61    -8.34    67.25         5.64    -8.33    67.16     0.091
  -14.03     6.11   -38.89       -14.02     6.08   -38.86     0.044
    0.01    18.98    -7.80         0.02    18.97    -7.80     0.009
   -5.28   -23.83   -10.13        -5.26   -23.85   -10.12     0.025
   -5.90    -3.38    59.32        -5.88    -3.35    59.33     0.035
  -41.51    -5.89   -23.00       -41.57    -5.90   -22.98     0.064
    2.88     2.05    66.61         2.84     2.05    66.67     0.069
   27.32    -0.73    29.83        27.35    -0.75    29.83     0.037
   16.66    -2.94   -29.17        16.63    -2.94   -29.20     0.045
   -2.98     8.36   -27.36        -2.97     8.37   -27.36     0.012
   -3.02    -4.85    56.35        -2.96    -4.76    56.36     0.101
  -22.74   -30.38   -29.04       -22.74   -30.39   -29.04     0.008
   12.99     7.75   -24.63        13.00     7.76   -24.63     0.016
   -2.85   -22.84   -14.21        -2.87   -22.82   -14.22     0.034
  -27.07    13.51   -25.67       -27.09    13.54   -25.68     0.041
    8.80   -10.48     4.98         8.84   -10.54     5.02     0.077
  -21.99    -1.43    -5.04       -22.01    -1.40    -5.01     0.040
    4.44    22.30   -32.68         4.40    22.35   -32.66     0.070
  -11.44    11.12   -35.86       -11.45    11.10   -35.82     0.040
   11.95    24.34    11.30        11.95    24.32    11.29     0.017
  -14.29     3.58    23.99       -14.20     3.63    23.97     0.102
  -18.74     8.49    -9.69       -18.72     8.47    -9.72     0.040
   20.11    -3.19    58.19        20.05    -3.16    58.18     0.064
   -3.71    11.57   -18.11        -3.76    11.55   -18.12     0.060
   22.92    -9.15    16.34        22.91    -9.14    16.34     0.005
  -32.07   -19.90    -9.37       -32.02   -19.86    -9.41     0.075
    5.76    24.31    14.50         5.75    24.16    14.42     0.171
    2.41   -13.74    -2.29         2.41   -13.70    -2.31     0.056
   22.27    -7.41    28.81        22.36    -7.52    28.83     0.145
   15.95    21.08    19.23        15.93    21.05    19.23     0.035
   18.38    10.41    68.74        18.38    10.41    68.74     0.003
   -4.52    -9.27   -41.01        -4.51    -9.27   -41.02     0.013
   33.19   -19.59   -34.75        33.23   -19.69   -34.78     0.118
   -6.25   -23.83    -9.15        -6.20   -23.87    -9.11     0.079
  -12.63     5.46    35.91       -12.64     5.45    35.91     0.007
  -26.61     4.65   -36.97       -26.60     4.63   -36.95     0.030
    9.93     9.84    67.80         9.93     9.84    67.80     0.003
   15.05    -8.64    28.70        15.01    -8.81    28.72     0.177
    2.10   -20.13   -24.32         2.17   -20.15   -24.33     0.077
   39.96     5.97   -17.62        39.97     5.92   -17.60     0.056
   -9.96   -26.46    -8.26        -9.92   -26.50    -8.24     0.064
   28.22    18.86     7.51        28.21    18.77     7.42     0.130
  -21.84   -11.46   -43.04       -21.86   -11.46   -43.08     0.053
   19.27     4.91    68.42        19.27     4.91    68.42     0.004
   28.73     9.27    23.99        28.81     9.31    24.01     0.086
  -25.99   -23.61   -38.15       -25.98   -23.58   -38.13     0.038
  -16.50     5.67     0.30       -16.54     5.69     0.29     0.054
   42.39     7.33    -1.07        42.43     7.34    -1.07     0.043
  -27.54   -27.17   -12.95       -27.52   -27.12   -12.99     0.073
   -4.14    10.82   -25.42        -4.15    10.82   -25.43     0.005
   -4.37     8.10   -34.10        -4.41     8.07   -34.08     0.056
  -36.22   -19.50   -15.55       -36.21   -19.49   -15.55     0.020
  -13.08     9.31    44.25       -13.18     9.30    44.25     0.102
  -28.99    -2.16   -39.67       -29.00    -2.15   -39.69     0.023
   -3.89   -20.60    -7.85        -3.93   -20.58    -7.87     0.041
  -17.18   -30.50   -10.83       -17.19   -30.41   -10.90     0.109
  -10.74     0.35    61.78       -10.73     0.36    61.78     0.013
   28.40   -18.60   -35.80        28.44   -18.53   -35.76     0.088
   39.74    -2.08     5.04        39.70    -2.04     4.97     0.092
   -2.74    21.16     6.12        -2.74    21.17     6.12     0.003
  -31.51     3.93   -33.28       -31.54     3.95   -33.31     0.050
  -13.94    26.19    16.06       -13.92    26.25    16.00     0.094
    5.92    -5.72    67.67         5.94    -5.65    67.53     0.154
  -27.79   -22.54    -8.63       -27.86   -22.64    -8.57     0.130
   -4.19    17.61    -0.89        -4.06    17.56    -0.84     0.148
   18.62   -10.63     6.38        18.62   -10.63     6.38     0.002
    2.22    17.96   -18.99         2.21    17.95   -18.99     0.022
  -11.61    15.90   -21.27       -11.62    15.72   -21.25     0.174
  -12.95     8.06    55.68       -13.26     8.14    55.68     0.326
   43.58     2.91    -3.03        43.50     2.93    -3.03     0.082
  -41.89   -13.08   -27.81       -41.92   -13.08   -27.80     0.027
   18.06    26.03    -8.84        18.07    26.16    -8.85     0.136
   31.74     7.44    17.55        31.80     7.45    17.59     0.071
