400 PA5-H-Unknown-Answer.txt 6
    3.6492  126.8529  -43.7235  127.6989  -90.1420  -12.2079
    5.16   -15.92    -6.53         5.16   -15.90    -6.55     0.030
   -8.54    19.00    16.57        -8.54    19.00    16.58     0.010
   -2.87   -11.83     0.29        -2.84   -11.71     0.24     0.128
   10.40    17.79   -24.72        10.40    17.80   -24.73     0.013
   15.84    22.13   -17.42        15.72    21.99   -17.38     0.188
   32.04    -9.75    -9.65        32.02    -9.74    -9.65     0.017
    6.11    23.23    39.18         6.12    23.11    39.18     0.117
  -10.15     9.89   -37.72       -10.10     9.93   -37.75     0.072
   -2.73    22.74    16.76        -2.71    22.70    16.79     0.051
  -17.30    19.27    41.89       -17.21    19.32    41.77     0.159
   -5.75     4.58    39.07        -5.78     4.58    39.07     0.027
   20.40    -5.89    36.44        20.40    -5.91    36.44     0.028
   20.99    -3.37    63.67        21.30    -3.53    63.67     0.345
   20.11    20.86    51.67        20.13    20.88    51.67     0.025
  -40.13    -2.70   -29.26       -40.08    -2.73   -29.27     0.057
   19.04    10.72   -27.46        19.03    10.70   -27.43     0.028
   25.01    17.28   -13.68        24.92    17.17   -13.68     0.140
   32.95     8.24    -9.75        32.96     8.25    -9.76     0.019
    9.61    -5.08    51.40         9.61    -5.08    51.40     0.003
  -27.77   -27.14   -39.00       -27.78   -27.17   -39.02     0.031
   30.80     6.95   -15.95        30.74     6.91   -15.93     0.073
   21.44    19.35   -16.91        21.42    19.31   -16.91     0.048
   36.07     0.36   -14.77        36.01     0.35   -14.74     0.067
  -26.66     0.42   -14.34       -26.67     0.44   -14.32     0.025
   19.02    22.57     2.27        19.07    22.66     2.27     0.104
   19.94    15.25   -22.83        19.91    15.25   -22.89     0.064
  -24.37   -20.23   -47.67       -24.38   -20.24   -47.70     0.025
   -8.90   -22.03   -45.92        -8.88   -22.06   -45.96     0.057
    9.56    23.96     0.66         9.56    23.86     0.69     0.110
   14.32    22.69    28.60        14.46    22.80    28.66     0.191
   -2.60   -10.59   -43.12        -2.55   -10.58   -43.16     0.059
   10.97    23.70    19.49        10.96    23.73    19.49     0.026
  -22.98    11.84   -36.36       -22.97    11.80   -36.35     0.039
   -5.57    24.92    22.01        -5.57    24.93    22.01     0.017
   18.67   -15.82   -18.68        18.67   -15.80   -18.67     0.017
  -35.03   -23.95   -34.37       -34.97   -23.85   -34.35     0.119
   15.29    22.45   -12.11        15.32    22.68   -12.11     0.239
  -21.80    12.20   -24.34       -21.79    12.25   -24.35     0.047
  -12.27     8.43     1.57       -12.26     8.42     1.58     0.016
   13.77    -0.12   -23.14        13.86    -0.09   -23.10     0.105
   34.05    -6.87     4.81        34.02    -6.84     4.81     0.038
   -4.98    10.36    63.37        -4.98    10.36    63.39     0.022
   -2.21    19.42    59.01        -2.25    19.44    59.03     0.056
  -35.12     0.77   -39.63       -35.18     0.81   -39.68     0.089
  -28.46   -16.93   -47.27       -28.42   -16.92   -47.24     0.047
   26.07   -16.13   -26.46        26.06   -16.16   -26.47     0.033
  -35.47     5.26   -31.06       -35.48     5.26   -31.06     0.004
   -1.72    21.65    50.29        -1.75    21.75    50.28     0.101
    0.14    14.21    -2.18         0.13    14.21    -2.18     0.002
    3.69     2.33   -14.39         3.72     2.38   -14.41     0.064
   14.12    -0.58   -23.41        14.17    -0.56   -23.38     0.060
   32.48    -0.18   -21.52        32.47    -0.22   -21.49     0.052
    1.47   -16.33   -36.73         1.39   -16.33   -36.71     0.084
    3.30    -3.94   -23.55         3.31    -3.92   -23.59     0.046
   -0.12    17.64     1.47        -0.09    17.64     1.48     0.030
  -13.21   -27.95   -41.89       -13.14   -28.10   -41.99     0.195
    8.27    -6.60   -21.67         8.27    -6.61   -21.65     0.021
   23.15    -5.82    34.14        23.06    -5.64    34.13     0.204
   -6.36    13.18     2.88        -6.34    13.15     2.88     0.036
  -26.78   -14.06   -48.51       -26.76   -14.08   -48.56     0.062
  -18.52     3.12    -6.49       -18.45     3.09    -6.52     0.077
   -1.04    -7.49   -40.62        -1.00    -7.49   -40.64     0.039
   -5.67     8.09    57.18        -5.63     8.08    57.19     0.042
  -41.64   -14.33   -32.52       -41.64   -14.33   -32.52     0.000
  -24.01   -17.42    -9.89       -24.03   -17.42    -9.84     0.059
   34.21     5.33   -13.98        34.22     5.26   -13.93     0.082
   -5.47     5.56    41.14        -5.46     5.56    41.14     0.014
  -33.02    -4.10   -43.49       -33.04    -4.10   -43.50     0.024
  -13.67    -4.14     4.76       -13.72    -4.17     4.78     0.056
    0.53     1.22   -22.34         0.44     1.12   -22.28     0.142
   14.35    22.89    34.14        14.29    22.65    34.17     0.246
   18.14    22.16    50.41        18.06    21.93    50.38     0.252
   -8.83   -29.07   -33.12        -8.85   -29.03   -33.11     0.046
    0.30    -3.93   -28.63         0.36    -3.89   -28.65     0.070
  -14.21     8.28   -44.04       -14.19     8.36   -44.09     0.092
   19.09    12.22   -25.92        19.09    12.21   -25.91     0.007
  -23.66   -23.85   -13.88       -23.65   -23.81   -13.94     0.070
  -38.97    -9.67   -22.07       -38.88    -9.67   -22.10     0.094
  -20.18   -32.01   -33.46       -20.16   -31.79   -33.40     0.222
  -35.66   -22.04   -35.93       -35.68   -22.07   -35.96     0.045
  -12.15   -15.19    -7.24       -12.14   -15.20    -7.23     0.019
   -2.00   -14.75   -42.66        -2.01   -14.74   -42.64     0.020
  -24.01    -7.46    -8.58       -24.01    -7.46    -8.58     0.002
    3.52    24.07    25.50         3.49    23.96    25.49     0.118
   25.63     3.94    51.75        25.75     3.91    51.75     0.127
    5.14    -2.28   -20.47         5.15    -2.27   -20.48     0.017
  -29.43   -27.99   -34.48       -29.48   -28.06   -34.49     0.091
   24.95    -5.60    26.77        24.93    -5.56    26.76     0.049
    9.58    14.85   -27.47         9.58    14.85   -27.47     0.000
  -17.54   -32.45   -27.67       -17.53   -32.35   -27.68     0.105
    4.22    -7.56    20.96         4.17    -7.48    20.95     0.098
   20.73    11.41    63.10        20.73    11.41    63.10     0.000
  -23.13    12.52   -28.38       -23.12    12.60   -28.37     0.082
   -9.19    -8.02   -50.54        -9.23    -8.04   -50.50     0.058
  -22.15   -30.95   -23.54       -22.15   -30.87   -23.57     0.078
  -13.21   -24.44   -14.62       -13.22   -24.50   -14.54     0.099
   24.97    -2.23   -28.24        24.98    -2.23   -28.25     0.011
   32.80    10.92     8.97        32.77    10.90     8.96     0.034
  -25.28   -27.82   -18.49       -25.29   -27.83   -18.47     0.026
   -4.53    -8.52     8.70        -4.68    -8.78     8.71     0.300
   21.66    18.41   -19.56        21.63    18.32   -19.52     0.103
  -30.59   -24.50   -18.26       -30.58   -24.49   -18.27     0.010
   29.91     3.49    26.01        29.94     3.49    26.01     0.025
  -42.19   -12.99   -35.67       -42.20   -12.99   -35.67     0.006
  -30.57     5.22   -41.41       -30.56     5.21   -41.41     0.018
   -1.41   -21.18   -38.88        -1.48   -21.11   -38.86     0.099
  -15.67    11.80    29.40       -15.71    11.66    29.42     0.147
  -28.79   -27.54   -22.38       -28.79   -27.54   -22.38     0.004
  -37.71     1.96   -33.50       -37.67     1.91   -33.48     0.064
   21.68    -3.96    54.02        21.62    -3.91    54.02     0.076
   33.56    -6.23    -2.06        33.47    -6.19    -2.04     0.100
   18.10     2.17   -27.26        18.10     2.17   -27.26     0.005
  -13.14   -29.36   -39.26       -13.13   -29.42   -39.28     0.063
    9.40    22.93    -3.99         9.41    22.85    -3.98     0.081
   18.71    19.92    35.60        18.64    19.84    35.61     0.113
   22.04    -3.02    53.10        22.23    -3.18    53.09     0.242
   33.10    -2.65    12.52        33.13    -2.67    12.53     0.035
   32.58    -2.54    13.78        32.59    -2.54    13.79     0.018
    3.70     5.19    63.99         3.68     5.15    64.08     0.103
   -0.17    -0.02   -25.13        -0.14    -0.00   -25.14     0.035
  -23.62    10.79   -20.17       -23.59    10.74   -20.23     0.089
  -18.46   -20.97   -10.27       -18.46   -20.97   -10.26     0.007
   23.55    16.57    47.22        23.64    16.64    47.21     0.118
  -14.81     8.69    18.20       -14.87     8.70    18.22     0.064
  -11.13    -7.42   -50.95       -11.13    -7.42   -50.98     0.034
    6.53     3.82    64.11         6.53     3.82    64.10     0.012
   19.18   -11.02    -1.72        19.18   -11.02    -1.71     0.003
   26.32   -13.93   -13.38        26.34   -14.02   -13.38     0.088
  -10.24    18.36    17.74       -10.28    18.39    17.70     0.054
   20.68     8.25   -27.41        20.66     8.24   -27.36     0.061
   -1.66     6.00   -14.16        -1.74     5.86   -14.12     0.163
  -42.58   -12.02   -35.91       -42.55   -12.00   -35.92     0.034
   26.79   -16.02   -24.82        26.78   -16.05   -24.81     0.029
  -12.50    18.48    43.31       -12.49    18.51    43.25     0.069
   21.06    21.06    -2.81        21.11    21.15    -2.83     0.102
  -15.25    15.86    20.51       -15.19    15.82    20.55     0.081
   18.70   -10.56     0.45        18.67   -10.43     0.42     0.133
  -27.66     2.37   -16.03       -27.66     2.39   -15.99     0.048
  -35.85    -3.43   -38.78       -35.89    -3.46   -38.80     0.051
  -38.00   -14.68   -40.72       -38.04   -14.67   -40.77     0.063
   12.48    24.43    14.14        12.54    24.60    14.15     0.177
   35.06    -5.84     4.82        35.05    -5.83     4.82     0.012
   35.63    -0.96    -3.59        35.57    -0.93    -3.56     0.077
   15.79    23.21    40.87        15.79    23.21    40.87     0.003
   -1.97   -11.78    -0.24        -2.00   -11.99    -0.15     0.236
   25.45     6.54   -25.14        25.47     6.53   -25.16     0.029
   -1.08    15.23     0.76        -1.05    15.19     0.79     0.058
   -9.32   -26.14   -17.86        -9.36   -26.06   -17.90     0.099
   37.33    -2.75     4.56        37.27    -2.72     4.56     0.069
   38.01     1.71     2.35        37.93     1.76     2.37     0.098
  -27.55   -26.13   -18.48       -27.57   -26.17   -18.45     0.053
  -24.46   -13.33   -49.11       -24.46   -13.33   -49.09     0.019
   -1.22    20.89    57.07        -1.30    20.97    57.12     0.122
  -29.42   -22.20   -15.71       -29.40   -22.17   -15.76     0.057
   12.04   -10.20   -23.06        12.03   -10.21   -23.07     0.017
   16.86   -11.37    -0.06        16.80   -11.26    -0.10     0.135
   23.74    -2.29    49.63        23.68    -2.26    49.62     0.066
  -22.05     5.50   -45.43       -22.06     5.53   -45.45     0.036
  -37.31    -0.05   -25.52       -37.30    -0.06   -25.52     0.015
  -21.50    21.23    35.52       -21.51    21.23    35.53     0.009
    2.27    18.63   -14.57         2.39    18.54   -14.57     0.147
   25.92    17.14    10.09        25.92    17.13    10.09     0.008
   13.03    22.83    34.17        13.18    23.00    34.19     0.226
   -6.47   -24.77   -39.63        -6.38   -24.89   -39.69     0.163
    6.75    24.52     9.55         6.72    24.63     9.54     0.122
   -1.94   -22.21   -19.27        -1.92   -22.38   -19.18     0.197
   -3.98    -6.57   -44.44        -3.99    -6.57   -44.44     0.005
   -1.18     5.02   -15.82        -1.16     5.07   -15.84     0.052
  -35.96   -23.01   -35.05       -35.94   -22.96   -35.00     0.078
    9.58    22.84    57.54         9.64    22.60    57.55     0.248
  -16.65    11.97    24.05       -16.51    12.09    24.12     0.196
   25.12    17.67    -8.83        25.11    17.65    -8.82     0.022
    0.24    -1.82    50.91         0.25    -1.78    50.90     0.040
   38.46     2.51   -10.83        38.34     2.48   -10.85     0.124
  -21.43    19.61    28.77       -21.54    19.67    28.74     0.132
   12.60    23.55    33.23        12.52    23.42    33.23     0.152
   13.67   -15.69   -16.01        13.69   -15.85   -16.05     0.161
   -1.90    13.74    -1.49        -1.84    13.61    -1.42     0.158
  -11.86     8.09   -43.07       -11.82     8.13   -43.12     0.073
   34.25    -6.39     3.26        34.33    -6.51     3.27     0.145
  -27.24   -18.63   -11.52       -27.26   -18.64   -11.49     0.032
   31.62    -9.90   -12.03        31.61    -9.89   -12.03     0.014
   26.35    -7.80    10.97        26.33    -7.71    10.95     0.088
  -33.36   -19.36   -17.55       -33.36   -19.35   -17.55     0.001
   -2.14    16.86     5.71        -2.14    16.86     5.71     0.005
   -8.63     8.58    -3.65        -8.60     8.49    -3.65     0.096
    1.74    14.54   -24.39         1.59    14.50   -24.49     0.192
  -21.51     1.66   -10.80       -21.45     1.60   -10.86     0.104
  -17.48    -0.20    -0.09       -17.47    -0.20    -0.10     0.012
   37.32     2.43     5.27        37.30     2.41     5.25     0.028
  -38.57     1.10   -33.50       -38.48     1.03   -33.51     0.108
  -25.97   -27.34   -18.76       -25.99   -27.35   -18.74     0.034
   18.32   -15.91   -12.43        18.26   -15.77   -12.45     0.146
  -30.67     2.91   -18.49       -30.70     2.92   -18.47     0.040
  -34.15     0.12   -41.49       -34.12     0.11   -41.47     0.038
    8.51    23.62    31.22         8.52    23.51    31.22     0.112
  -17.06    27.49    31.66       -17.10    27.56    31.65     0.078
    4.99    21.24    62.48         4.98    21.32    62.54     0.102
   23.87    -4.66    38.21        23.82    -4.60    38.21     0.076
    6.24    23.73    28.27         6.24    23.55    28.27     0.180
  -18.96   -16.09   -51.11       -18.97   -16.05   -51.03     0.087
    0.46    16.19    -6.27         0.43    16.20    -6.25     0.036
   35.36     0.00    -8.11        35.38    -0.06    -8.07     0.069
   -7.04    13.18    46.45        -7.06    13.18    46.46     0.022
  -12.56   -23.25   -13.86       -12.56   -23.26   -13.85     0.012
  -14.43    22.69    43.84       -14.41    22.69    43.81     0.036
  -16.15   -24.62   -13.91       -16.09   -24.68   -13.81     0.124
   22.36    15.86    31.54        22.33    15.82    31.54     0.044
    8.69    24.23    19.33         8.65    24.10    19.29     0.140
   16.77    -1.47    65.45        16.81    -1.44    65.37     0.098
  -18.16   -31.62   -24.50       -18.16   -31.75   -24.47     0.132
   29.75    14.93     8.87        29.71    14.89     8.85     0.065
    0.63    16.72    -1.86         0.59    16.72    -1.92     0.078
   -5.91     9.83    50.10        -5.91     9.83    50.10     0.007
    3.28    19.33    -9.26         3.24    19.36    -9.25     0.046
  -10.01   -29.69   -33.01        -9.95   -29.78   -33.03     0.105
  -20.83     8.14   -43.43       -20.83     8.12   -43.41     0.025
   11.65   -16.21   -17.29        11.68   -16.28   -17.31     0.079
    7.37    -1.13   -16.48         7.35    -1.19   -16.45     0.071
  -22.60   -22.50   -12.80       -22.61   -22.53   -12.76     0.053
   21.91    -2.89    56.97        22.04    -2.97    57.00     0.156
   13.24    23.40    -3.28        13.24    23.40    -3.28     0.005
   14.51    22.66    23.48        14.53    22.77    23.48     0.105
   15.20    22.84   -11.21        15.18    22.72   -11.21     0.126
   15.33   -15.81    -6.93        15.33   -15.84    -6.92     0.036
  -16.15    11.43   -38.87       -16.16    11.38   -38.86     0.045
   -6.51   -27.54   -31.68        -6.50   -27.56   -31.68     0.021
   33.87    10.04     7.77        33.93    10.07     7.80     0.071
    0.13   -20.43   -15.41         0.13   -20.36   -15.45     0.082
   16.12   -11.40    -0.13        16.18   -11.53    -0.08     0.151
   20.55   -13.79   -28.76        20.56   -13.87   -28.91     0.171
    2.88   -19.21   -19.37         2.87   -19.21   -19.35     0.025
   -0.56   -10.59   -40.80        -0.62   -10.61   -40.76     0.077
  -11.96   -22.08   -47.31       -11.96   -22.09   -47.33     0.020
   30.14    -5.12   -20.47        30.08    -5.12   -20.45     0.067
   -6.48    -3.92    29.14        -6.49    -3.92    29.14     0.007
   25.97    17.37    -5.68        25.94    17.34    -5.68     0.042
   28.11    -3.54    23.06        28.19    -3.61    23.08     0.108
  -27.70    -8.67   -11.06       -27.65    -8.71   -11.09     0.067
    3.51   -13.76   -23.25         3.53   -13.77   -23.27     0.025
   -2.27    19.60    11.02        -2.28    19.61    11.01     0.017
  -11.60   -12.87   -50.97       -11.60   -12.87   -50.99     0.021
  -25.70   -25.89   -17.13       -25.70   -25.90   -17.12     0.010
   29.22   -11.53   -19.45        29.17   -11.52   -19.43     0.050
   13.18    22.99    -8.52        13.19    23.06    -8.52     0.065
  -26.87   -29.30   -34.79       -26.91   -29.38   -34.82     0.095
  -25.25   -25.67   -16.54       -25.26   -25.71   -16.52     0.044
    8.53   -16.35    -8.02         8.54   -16.39    -8.01     0.045
   15.50    22.60    18.09        15.57    22.86    18.12     0.273
  -12.83    11.42     7.32       -12.78    11.34     7.34     0.093
    9.84   -16.68   -11.71         9.87   -16.79   -11.69     0.116
    9.41    -4.74    32.91         9.41    -4.61    32.89     0.126
   -6.90     7.89    36.38        -6.92     7.87    36.38     0.027
  -19.27   -16.51    -7.97       -19.28   -16.52    -7.96     0.018
   14.20    -6.39    19.64        14.21    -6.34    19.63     0.050
  -31.38   -15.53   -45.28       -31.39   -15.53   -45.28     0.008
  -35.17   -10.41   -40.08       -35.17   -10.40   -40.08     0.011
   15.70    -7.13    13.03        15.69    -7.28    13.05     0.152
    2.34    -2.75    56.48         2.28    -2.86    56.48     0.125
  -32.70     1.94   -41.18       -32.76     2.00   -41.23     0.099
   -0.56    19.74    60.89        -0.71    19.96    61.05     0.313
  -34.97   -22.64   -23.35       -34.82   -22.52   -23.40     0.191
    6.87    22.47    46.99         6.88    22.29    46.99     0.176
  -34.69   -21.02   -20.61       -34.70   -21.03   -20.61     0.017
   24.23    -1.96    46.38        24.32    -2.00    46.39     0.100
   31.62    -7.50   -15.20        31.71    -7.55   -15.23     0.113
  -24.33    -1.08   -49.99       -24.36    -1.06   -50.04     0.068
  -14.85   -30.53   -22.04       -14.86   -30.51   -22.05     0.018
   19.09    -8.47   -26.72        19.12    -8.46   -26.68     0.055
  -19.40    20.15    25.84       -19.44    20.16    25.81     0.051
   24.19     3.05   -27.38        24.19     3.05   -27.38     0.000
  -32.87     6.12   -23.24       -32.89     6.17   -23.20     0.064
   -1.56   -18.76   -12.97        -1.55   -18.84   -12.91     0.094
   25.15    11.14   -20.33        25.23    11.18   -20.36     0.097
   -4.54    -7.91    19.40        -4.48    -7.86    19.39     0.076
    6.67    17.10    62.72         6.68    17.09    62.79     0.062
   15.93    21.92    33.33        15.84    21.76    33.42     0.205
   -2.64    21.55    51.10        -2.65    21.59    51.10     0.042
   -7.86    10.99    -1.42        -7.84    10.95    -1.40     0.051
   21.99    11.66   -24.61        21.93    11.61   -24.57     0.096
  -27.97     8.76   -20.90       -27.97     8.76   -20.90     0.002
   22.77   -15.78   -26.61        22.78   -15.73   -26.60     0.044
   17.94   -13.77    -6.45        17.96   -13.80    -6.42     0.056
   25.15     2.34    54.46        25.12     2.35    54.46     0.030
  -14.25     9.74     7.49       -14.21     9.72     7.50     0.042
    2.49    -5.87    32.07         2.51    -5.90    32.08     0.036
   26.91    10.96    39.18        26.83    10.91    39.18     0.090
    3.65    -1.88   -22.33         3.63    -1.90   -22.32     0.031
   -8.63    26.80    28.06        -8.62    26.94    28.02     0.146
  -14.94    11.32    28.55       -14.94    11.34    28.55     0.016
   -4.71    25.08    23.82        -4.69    25.31    23.76     0.233
   19.85    20.03    42.60        19.95    20.12    42.58     0.139
    7.36     6.53   -11.91         7.43     6.56   -11.89     0.074
   32.62    -7.79    -2.92        32.62    -7.79    -2.92     0.005
   17.95    20.48   -16.50        17.95    20.49   -16.50     0.006
   -7.92   -28.23   -36.14        -7.96   -28.17   -36.13     0.069
   26.16     9.72   -20.78        26.17     9.73   -20.78     0.018
  -25.76     7.81   -19.21       -25.75     7.80   -19.25     0.042
   37.75     6.44    -0.42        37.73     6.43    -0.42     0.020
   -0.67     2.83   -21.64        -0.67     2.82   -21.63     0.010
   -7.35     9.02   -16.43        -7.38     8.95   -16.45     0.083
    9.87   -15.43    -6.97         9.85   -15.40    -6.99     0.039
   -1.06   -21.42   -34.51        -1.07   -21.41   -34.50     0.022
  -33.57   -11.31   -14.55       -33.51   -11.30   -14.58     0.070
   13.64    23.02    36.90        13.66    23.10    36.88     0.091
  -31.69     6.65   -22.76       -31.71     6.66   -22.73     0.029
  -15.94   -15.00   -51.41       -15.94   -15.00   -51.42     0.010
   18.76    -6.13    31.61        18.78    -6.01    31.61     0.121
  -24.95     6.34   -18.22       -24.99     6.42   -18.14     0.120
   16.64    22.46    49.12        16.63    22.36    49.12     0.099
   31.97    -5.21    10.54        31.90    -5.10    10.49     0.135
   22.84    18.53   -15.24        22.84    18.53   -15.24     0.001
    9.99    24.69    16.28        10.00    24.66    16.27     0.034
  -33.82    -1.86   -43.07       -33.77    -1.85   -43.05     0.060
   36.87     3.39   -12.44        36.90     3.37   -12.49     0.067
   36.15    -0.31    -9.16        36.18    -0.38    -9.12     0.084
  -18.10   -30.53   -38.15       -18.10   -30.45   -38.12     0.086
    3.75    23.78    11.35         3.77    23.73    11.37     0.058
  -15.44     2.80     6.36       -15.49     2.79     6.37     0.052
   -9.06   -27.60   -21.26        -9.05   -27.62   -21.25     0.022
  -23.13     1.96   -13.38       -23.23     2.03   -13.30     0.151
    8.91   -17.16   -16.18         8.88   -17.00   -16.17     0.166
   -6.04     1.25    40.03        -5.99     1.24    40.02     0.052
   13.46    -8.65     7.21        13.47    -8.76     7.26     0.124
  -23.91    -7.70    -8.41       -23.91    -7.70    -8.41     0.001
    2.85    -0.73    63.70         2.86    -0.72    63.75     0.058
   -5.67     7.33    44.10        -5.54     7.38    44.09     0.137
  -31.26   -23.20   -17.81       -31.19   -23.17   -17.87     0.097
   -1.31   -11.51     0.87        -1.31   -11.57     0.90     0.065
   27.21     4.80    44.22        27.20     4.80    44.22     0.008
   27.27     0.01   -24.39        27.33     0.06   -24.44     0.093
    1.24    17.37    -8.21         1.24    17.36    -8.21     0.007
  -31.72     7.71   -23.19       -31.70     7.69   -23.21     0.039
   -6.24    26.62    32.49        -6.24    26.63    32.49     0.019
   13.40    -5.49    26.74        13.45    -5.32    26.71     0.179
   33.85    -4.70    -2.86        33.87    -4.70    -2.86     0.024
  -32.39     2.28   -41.43       -32.37     2.26   -41.41     0.026
  -35.76     4.69   -29.12       -35.80     4.71   -29.12     0.054
    8.10    -5.00    31.06         8.10    -4.84    31.04     0.166
   16.70    22.38    19.37        16.68    22.32    19.37     0.060
   -7.53    -6.79   -48.37        -7.53    -6.79   -48.37     0.001
  -38.23     1.57   -33.26       -38.12     1.48   -33.28     0.143
   -5.61   -10.54   -47.06        -5.63   -10.54   -47.04     0.037
   -5.67    14.13    55.36        -5.61    14.12    55.35     0.062
   13.42   -15.97   -16.25        13.38   -15.88   -16.23     0.099
    3.78     5.21    -9.81         3.77     5.17    -9.80     0.038
  -17.78   -29.77   -18.52       -17.77   -29.79   -18.50     0.032
   28.21    14.75    -7.41        28.20    14.74    -7.41     0.016
    8.96    24.42    17.16         8.95    24.38    17.15     0.041
   15.39    19.65    62.43        15.38    19.65    62.45     0.024
   33.05     9.64    -7.23        32.97     9.56    -7.19     0.121
   -0.60   -10.28   -40.54        -0.61   -10.28   -40.54     0.012
   -7.30     9.35    -4.49        -7.26     9.33    -4.46     0.050
  -38.35   -20.88   -35.89       -38.27   -20.78   -35.83     0.136
    2.90    19.45   -18.63         2.95    19.41   -18.63     0.059
   14.08     2.33   -25.60        14.07     2.32   -25.61     0.016
  -17.85     1.95    -3.78       -17.71     1.93    -3.79     0.138
    7.81    -8.79   -22.69         7.80    -8.81   -22.67     0.025
   -3.22     7.26   -11.16        -3.19     7.31   -11.17     0.061
    5.72    21.82    -5.29         5.78    21.71    -5.29     0.124
    4.53    22.70    43.61         4.53    22.77    43.62     0.074
   19.59    20.18    21.47        19.53    20.13    21.44     0.083
  -22.11    18.81    33.60       -22.14    18.80    33.60     0.033
   33.12    -6.39    -2.96        33.19    -6.42    -2.97     0.072
  -16.16   -18.08    -7.81       -16.17   -18.07    -7.73     0.084
  -36.79   -20.07   -23.16       -36.80   -20.08   -23.16     0.011
  -13.30    13.86    38.86       -13.30    13.83    38.89     0.039
    4.14    21.22    -2.81         4.20    21.11    -2.79     0.131
  -31.98   -20.96   -16.95       -31.96   -20.95   -16.96     0.019
  -24.51    11.69   -22.45       -24.57    11.84   -22.39     0.175
   28.42    14.72     9.82        28.44    14.80     9.93     0.137
   29.31    15.93     7.08        29.25    15.84     7.08     0.108
    9.83    -7.23    12.03         9.78    -7.14    11.98     0.115
   32.07    11.03    -6.76        32.04    11.01    -6.76     0.036
   -8.45     2.74    25.59        -8.40     2.74    25.58     0.050
   22.42    15.65    33.77        22.56    15.79    33.75     0.194
  -10.24   -29.49   -36.00       -10.23   -29.50   -36.00     0.017
   12.67   -11.01     3.46        12.64   -10.92     3.40     0.113
  -32.30    -1.51   -44.58       -32.39    -1.47   -44.65     0.116
  -15.19    -6.06   -51.14       -15.18    -6.06   -51.09     0.048
  -36.22   -20.21   -37.26       -36.23   -20.26   -37.30     0.065
   -4.83    19.82    14.22        -4.84    19.84    14.22     0.017
   -1.54    -9.94    21.84        -1.52    -9.86    21.83     0.078
   -7.20    26.53    27.27        -7.21    26.49    27.28     0.038
   10.24    23.05    41.89        10.22    22.93    41.85     0.130
  -19.09    26.03    31.59       -19.22    26.18    31.56     0.207
  -25.09   -17.46   -48.44       -25.11   -17.45   -48.54     0.097
    8.33    -6.14    16.29         8.32    -6.13    16.29     0.017
  -32.80     3.99   -39.31       -32.89     4.07   -39.36     0.126
  -26.35    11.36   -24.60       -26.36    11.48   -24.55     0.128
   37.13    -2.36     4.98        37.22    -2.37     5.00     0.099
   -8.13     9.99   -20.67        -8.14     9.98   -20.67     0.013
   -1.69   -10.45     5.15        -1.73   -10.54     5.17     0.099
   -7.85     6.72    31.63        -7.85     6.72    31.63     0.005
   -2.00    15.89    62.80        -2.00    15.89    62.78     0.019
    9.90    -5.66    18.86         9.86    -5.38    18.85     0.287
   -6.45    -5.53    17.91        -6.30    -5.46    17.88     0.174
   10.88    24.75    14.97        10.88    24.81    14.97     0.058
    5.25   -18.34   -16.72         5.28   -18.39   -16.74     0.068
    9.38    14.40   -27.81         9.37    14.39   -27.77     0.039
